4294967279,395
4294967279,430
4294967278,366
4294967279,429
4294967278,204
4294967279,205
4294967279,202
4294967278,200
4294967279,464
4294967278,325
4294967279,454
4294967278,324
4294967278,386
4294967278,193
4294967294,1420
4294967294,203
4294967294,430
4294967294,9
4294967294,107
84,3
4294967294,76
4294967294,41
4294967294,91
4294967294,87
4294967294,85
4294967294,84
4294967294,419
4294967294,254
4294967294,251
4294967294,220
4294967294,222
4294967294,477
4294967294,252
4294967294,51
4294967294,52
4294967294,426
4294967294,393
4294967294,45
4294967294,44
4294967294,43
4294967279,423
4294967278,323
75,4
4294967278,354
4294967279,452
4294967278,383
4294967279,448
4294967278,385
4294967279,391
4294967278,322
4294967278,392
4294967278,320
4294967294,5
4294967278,391
4294967279,387
4294967278,378
4294967279,386
4294967294,68
4294967294,11
4294967294,92
4294967294,88
4294967278,319
4294967279,385
4294967278,318
4294967278,317
4294967279,0
4294967279,421
4294967278,316
4294967279,384
4294967278,302
4294967279,306
4294967278,403
4294967278,0
4294967279,420
84,4
81,4
82,4
80,4
4294967279,304
4294967294,6
4294967278,172
4294967279,303
4294967278,352
4294967294,270
4294967294,82
4294967294,83
4294967278,132
4294967278,131
4294967278,130
4294967278,129
4294967278,128
4294967278,127
4294967278,126
4294967278,125
4294967278,124
4294967278,123
4294967278,122
4294967278,121
4294967278,120
4294967278,119
4294967278,118
4294967278,117
4294967278,116
4294967278,115
4294967278,114
4294967278,113
4294967278,112
4294967278,111
4294967278,110
4294967278,109
4294967278,108
4294967278,107
4294967278,106
4294967278,105
4294967278,104
4294967278,103
4294967278,102
4294967278,101
4294967278,100
4294967278,99
4294967278,98
4294967278,97
4294967278,96
4294967278,95
4294967278,94
4294967278,93
4294967278,92
4294967278,91
4294967278,90
4294967278,89
4294967278,87
4294967278,86
4294967278,85
4294967278,84
4294967278,83
4294967278,82
4294967278,81
4294967278,80
4294967278,79
4294967278,78
4294967278,77
4294967278,76
4294967278,75
4294967278,74
4294967278,73
4294967278,72
4294967278,71
4294967278,70
4294967278,69
4294967278,68
4294967278,67
4294967278,66
4294967279,89
4294967279,83
4294967279,78
4294967279,77
4294967279,76
4294967279,69
4294967279,58
4294967279,55
4294967279,52
4294967279,49
4294967279,47
4294967279,46
4294967279,43
4294967279,40
4294967279,35
4294967279,34
4294967279,33
4294967279,31
4294967279,25
4294967279,22
4294967279,20
4294967279,18
4294967279,12
4294967279,9
4294967279,8
4294967279,7
4294967279,6
4294967279,5
4294967279,4
0,5
4294967294,207
4294967294,186
4294967279,418
4294967294,22
4294967294,17
4294967294,67
4294967294,99
4294967294,36
4294967294,39
4294967294,42
4294967294,1
4294967294,479
4294967294,2
4294967294,0
4294967294,90
4294967294,86
4294967294,29
4294967294,28
4294967294,27
4294967294,478
4294967294,25
4294967294,26
4294967294,53
4294967294,417
4294967294,1421
4294967294,1422
4294967279,302
4294967279,443
4294967278,299
4294967294,93
4294967294,95
4294967294,81
4294967294,267
4294967294,1419
4294967279,68
4294967279,318
4294967278,402
4294967279,166
4294967278,63
4294967278,313
4294967278,65
4294967278,64
4294967279,61
4294967279,433
4294967278,297
4294967278,161
4294967278,295
4294967279,451
4294967279,450
4294967294,7
4294967278,349
4294967279,158
4294967293,131
4294967293,130
4294967293,129
4294967293,128
4294967293,127
4294967293,126
4294967293,125
4294967293,124
4294967293,123
4294967293,122
4294967293,121
4294967293,120
4294967293,119
4294967293,118
4294967293,117
4294967293,116
4294967293,115
4294967293,114
4294967293,113
4294967293,112
4294967293,111
4294967293,110
4294967293,109
4294967293,108
4294967293,107
4294967293,106
4294967293,105
4294967293,104
4294967293,103
4294967293,102
4294967293,101
4294967293,100
4294967293,99
4294967293,98
4294967293,97
4294967293,96
4294967293,95
4294967293,94
4294967293,93
4294967293,92
4294967293,91
4294967293,90
4294967293,89
4294967293,87
4294967293,86
4294967293,85
4294967293,84
4294967293,83
4294967293,82
4294967293,81
4294967293,80
4294967293,79
4294967293,78
4294967293,77
4294967293,76
4294967293,75
4294967293,74
4294967293,73
4294967293,72
4294967293,71
4294967293,70
4294967293,69
4294967293,68
4294967293,67
4294967293,66
4294967293,65
4294967293,64
4294967293,63
4294967293,62
4294967293,61
4294967293,60
4294967293,59
4294967293,58
4294967293,57
4294967293,56
4294967293,55
4294967293,54
4294967293,53
4294967293,52
4294967293,51
4294967293,50
4294967293,49
4294967293,48
4294967293,47
4294967293,46
4294967293,45
4294967293,44
4294967293,43
4294967293,42
4294967293,41
4294967293,40
4294967293,39
4294967293,38
4294967293,37
4294967293,36
4294967293,35
4294967293,34
4294967293,33
4294967293,32
4294967293,31
4294967293,30
4294967293,29
4294967293,28
4294967293,27
